# savednetworks/compressed/gen_albert_barabasi_0.graph analysis
0.0	1.0	1.0
0.005	0.8288374085603224	0.7491170826122893
0.01	0.7732602018110765	0.6720286546125366
0.015	0.731457727299469	0.6177043803244946
0.02	0.6988577100170369	0.5764763456945796
0.025	0.668493234405416	0.5406741930321849
0.03	0.6395146124873566	0.508835462161123
0.035	0.6134043803471794	0.4805091026139168
0.04	0.5889494180740648	0.4554501566201869
0.045	0.5659197083750847	0.4321855336340779
0.05	0.5449899149357723	0.4121527461075735
0.055	0.5246117054731131	0.3927581660580623
0.06	0.5033710138678997	0.3731174710330368
0.065	0.4849157430364149	0.3562236828368182
0.07	0.464311869242041	0.3383102959777329
0.075	0.44590124164408224	0.32250597186050256
0.08	0.4268170328377695	0.3063500340225412
0.085	0.4074585055089489	0.2900585656427165
0.09	0.3896166236886831	0.2754323396176261
0.095	0.3709956246310602	0.2603625699904415
0.1	0.3534311398228049	0.24677345521758398
0.105	0.3369440290446918	0.23423550182998673
0.11	0.3179939869249494	0.21997888003113017
0.115	0.29888722262173406	0.20564470308034752
0.12	0.28263085365566026	0.19354835874599977
0.125	0.2670489722025374	0.1822305827120641
0.13	0.2510289281777034	0.17063370874553555
0.135	0.23456366544907775	0.15884361357784435
0.14	0.2178927861164155	0.1470412515614415
0.145	0.2017697586812628	0.13560946903599566
0.15	0.1874833687156433	0.12569289328543004
0.155	0.17420923426092	0.11647128194213957
0.16	0.15973329338109435	0.10636108668883566
0.165	0.14506803504422738	0.0962379029094843
0.17	0.1289836307516188	0.08529483592144911
0.175	0.11183206824288489	0.07388411829710025
0.18	0.09525047655610673	0.06285788474307225
0.185	0.08342303457587127	0.05489609401754693
0.19	0.07056298648286678	0.046269869680052284
0.195	0.0564537610321709	0.03696309021828907
0.2	0.0438525523262179	0.02869984724703984
0.205	0.03258442417340586	0.02138500180543933
0.21	0.020535769193366627	0.013409244280015357
0.215	0.012086639097962771	0.007875399930237732
0.22	0.007100867265913532	0.004530716576918701
0.225	0.002901433124690799	0.0017539709243297925
0.23	0.0023552858886588903	0.0014065176017807064
0.235	0.0021019184299667297	0.001214537658070424
0.24	0.0018787255305289662	0.0010835620675691976
0.245	0.0018007648625574851	0.000996722249371244
0.25	0.0015751691460475525	0.0008736241238507089
0.255	0.0014962667270990505	0.0008094491588026415
0.26	0.0014029995370083948	0.0007208820352700858
0.265	0.0012590912362058404	0.0006305512539927067
0.27	0.001119337212799081	0.0005414225238426265
0.275	0.0010687233192303192	0.0005154717381453506
0.28	0.0010423745208982646	0.00048547807431307145
0.285	0.0009556364336034234	0.00044122090276003495
0.29	0.0008941252579352729	0.00039849560759085535
0.295	0.000815758664988615	0.0003642005904189128
0.3	0.0008215855125956766	0.0003635728834504506
0.305	0.0008087611877462452	0.0003519645914210162
0.31	0.0006899449450753255	0.00031372080162140237
0.315	0.000663152827037342	0.0002951700248250797
0.32	0.0005954795505706971	0.0002567606243549506
0.325	0.0005998905102045541	0.000258662554905728
0.33	0.0005546160612757324	0.00025470747297873323
0.335	0.0005015363835562301	0.00025181053668534026
0.34	0.0005053359016134742	0.0002182204393409112
0.345	0.0005091934275799893	0.00018457876858185538
0.35	0.00047219376982160293	0.00015019218397333348
0.355	0.00047585418664192544	0.00015135646446925077
0.36	0.00045618107891219124	0.00014074153751905775
0.365	0.0004444340641945554	0.00013846355063684853
0.37	0.0004105249604812148	0.0001153045329753134
0.375	0.00028339730241124173	0.00010412884398981394
0.38	0.0002856827645274614	9.627838138572735e-05
0.385	0.0002880053886293107	8.86099044904809e-05
0.39	0.0002903660885361083	8.933621518302583e-05
0.395	0.0002535357632922913	7.657050681177336e-05
0.4	0.000255648561319727	7.720859436853813e-05
0.405	0.00025779686855770793	7.785740608592081e-05
0.41	0.00025998158778277325	7.851721461207268e-05
0.415	0.00026220365263561745	7.218255720578662e-05
0.42	0.00026446402895144173	7.280482062997443e-05
0.425	0.00019701249551335386	7.343790602675682e-05
0.43	6.713211600429645e-05	7.408209818488626e-05
0.435	6.772620552645837e-05	7.473769197413305e-05
0.44	6.833090379008747e-05	7.360099802932081e-05
0.445	6.89464975179261e-05	6.017281511647165e-05
0.45	6.957328385899815e-05	6.071984070843957e-05
0.455	7.021157086687887e-05	6.127690346723259e-05
0.46	7.086167800453515e-05	4.571316851095099e-05
0.465	7.152393667747473e-05	4.614039438488511e-05
0.47	7.219869079707354e-05	4.657568112436516e-05
0.475	7.28862973760933e-05	4.70192590398353e-05
0.48	7.358712715855574e-05	9.26932964208029e-06
0.485	0.0	9.359323133750971e-06
0.49	0.0	9.451081203689707e-06
0.495	0.0	0.0
0.5	0.0	0.0
0.505	0.0	0.0
0.51	0.0	0.0
0.515	0.0	0.0
0.52	0.0	0.0
0.525	0.0	0.0
0.53	0.0	0.0
0.535	0.0	0.0
0.54	0.0	0.0
0.545	0.0	0.0
0.55	0.0	0.0
0.555	0.0	0.0
0.56	0.0	0.0
0.565	0.0	0.0
0.57	0.0	0.0
0.575	0.0	0.0
0.58	0.0	0.0
0.585	0.0	0.0
0.59	0.0	0.0
0.595	0.0	0.0
0.6	0.0	0.0
0.605	0.0	0.0
0.61	0.0	0.0
0.615	0.0	0.0
0.62	0.0	0.0
0.625	0.0	0.0
0.63	0.0	0.0
0.635	0.0	0.0
0.64	0.0	0.0
0.645	0.0	0.0
0.65	0.0	0.0
0.655	0.0	0.0
0.66	0.0	0.0
0.665	0.0	0.0
0.67	0.0	0.0
0.675	0.0	0.0
0.68	0.0	0.0
0.685	0.0	0.0
0.69	0.0	0.0
0.695	0.0	0.0
0.7	0.0	0.0
0.705	0.0	0.0
0.71	0.0	0.0
0.715	0.0	0.0
0.72	0.0	0.0
0.725	0.0	0.0
0.73	0.0	0.0
0.735	0.0	0.0
0.74	0.0	0.0
0.745	0.0	0.0
0.75	0.0	0.0
0.755	0.0	0.0
0.76	0.0	0.0
0.765	0.0	0.0
0.77	0.0	0.0
0.775	0.0	0.0
0.78	0.0	0.0
0.785	0.0	0.0
0.79	0.0	0.0
0.795	0.0	0.0
0.8	0.0	0.0
0.805	0.0	0.0
0.81	0.0	0.0
0.815	0.0	0.0
0.82	0.0	0.0
0.825	0.0	0.0
0.83	0.0	0.0
0.835	0.0	0.0
0.84	0.0	0.0
0.845	0.0	0.0
0.85	0.0	0.0
0.855	0.0	0.0
0.86	0.0	0.0
0.865	0.0	0.0
0.87	0.0	0.0
0.875	0.0	0.0
0.88	0.0	0.0
0.885	0.0	0.0
0.89	0.0	0.0
0.895	0.0	0.0
0.9	0.0	0.0
0.905	0.0	0.0
0.91	0.0	0.0
0.915	0.0	0.0
0.92	0.0	0.0
0.925	0.0	0.0
0.93	0.0	0.0
0.935	0.0	0.0
0.94	0.0	0.0
0.945	0.0	0.0
0.95	0.0	0.0
0.955	0.0	0.0
0.96	0.0	0.0
0.965	0.0	0.0
0.97	0.0	0.0
0.975	0.0	0.0
0.98	0.0	0.0
0.985	0.0	0.0
0.99	0.0	0.0
0.995	0.0	0.0
