# savednetworks/compressed/gen_albert_barabasi_0.graph analysis
0.0	1.0	1.0
0.005	0.9942679297955758	0.9961645641978545
0.01	0.9882280578112748	0.9915549618518331
0.015	0.9829836684967237	0.9874733581924524
0.02	0.9775772398187291	0.9827933054630655
0.025	0.9715576265506555	0.9769416001726079
0.03	0.9657343661548619	0.9698935624373681
0.035	0.9598821084280428	0.9639183189175147
0.04	0.9541991222802599	0.957910437362014
0.045	0.9477810186230539	0.9519039028764605
0.05	0.9420813560680723	0.9467123494445556
0.055	0.934752006171556	0.9393772790784481
0.06	0.9285916063940333	0.9341736410283298
0.065	0.9179635711665551	0.9200988974695968
0.07	0.9125515123877858	0.9144433748942439
0.075	0.9060284732557119	0.9084036000150106
0.08	0.8994382454265664	0.9027069205455521
0.085	0.8862645831844271	0.884802835836239
0.09	0.8797234607364258	0.8787898347041924
0.095	0.8719841921360573	0.8703242470367347
0.1	0.8660196131697412	0.8643718649498501
0.105	0.8604877861907373	0.8593656661408489
0.11	0.8551238168238147	0.8540806422722943
0.115	0.8489373429407691	0.8476631654247607
0.12	0.8430734042778727	0.8431298192579989
0.125	0.8379741458929879	0.8390637337303838
0.13	0.8322834007445628	0.8332159058920854
0.135	0.8265519635745753	0.8274888593420079
0.14	0.8212588845032415	0.8238984824453908
0.145	0.8147470277543023	0.8172625098089557
0.15	0.8078771611848183	0.8103402436560618
0.155	0.8019893587733683	0.8047678530332438
0.16	0.7958756427591445	0.798242043834295
0.165	0.7904267894504288	0.79280595693003
0.17	0.7844120334477059	0.7877381759404632
0.175	0.7787897852994607	0.7824477168514715
0.18	0.7726281158192035	0.7766603671214017
0.185	0.7677441086075114	0.7733052063329818
0.19	0.7610914029908049	0.7655650287928237
0.195	0.7551288626979741	0.7602765099917679
0.2	0.748851737106926	0.7547987601203849
0.205	0.7345922141963506	0.7365778750429811
0.21	0.7279955166454147	0.7303709559355517
0.215	0.7215772897618831	0.7236083392378261
0.22	0.7151145082098613	0.7163769643332425
0.225	0.7090361418105768	0.7123361488456698
0.23	0.7025131914908712	0.7067967374785185
0.235	0.695385450240215	0.6986679531232853
0.24	0.6895508637305648	0.6932160260953488
0.245	0.6844526514367871	0.6886586071617486
0.25	0.6763046113567618	0.6797347336291859
0.255	0.67120524670871	0.674799200990431
0.26	0.6636600771977458	0.6661897799927222
0.265	0.6576123564144886	0.6605861629719493
0.27	0.6515659436897355	0.6547310025457752
0.275	0.6247018351014675	0.6189332552302017
0.28	0.6183885816728825	0.6135005401976047
0.285	0.61201428057918	0.6076076737842697
0.29	0.6051105414797652	0.6010497194636073
0.295	0.5966806697962169	0.5920183632018259
0.3	0.5918781630072102	0.5881411141842455
0.305	0.5832170264710247	0.5794973434113991
0.31	0.5772133439834893	0.5730141019492997
0.315	0.5695472233418164	0.5650500873205786
0.32	0.5641782061818204	0.5608102348667532
0.325	0.5593205869635982	0.5568510463381141
0.33	0.5543615244490793	0.5529112023610722
0.335	0.548885010559971	0.5488941381428288
0.34	0.5433944572066399	0.5449109778318646
0.345	0.5375919294358309	0.5401093271501544
0.35	0.5303408290865516	0.5339157128467845
0.355	0.52389867709965	0.528853271420121
0.36	0.5143932846171098	0.5190616013476462
0.365	0.5078105387074504	0.5126505168000709
0.37	0.5015935428361059	0.5066708416452594
0.375	0.49606852847108757	0.5010439679810482
0.38	0.49102771817483765	0.49638561742936055
0.385	0.4787501879363668	0.48182377499641255
0.39	0.4700939642352307	0.4717955297817284
0.395	0.4637832468900952	0.4657326145423485
0.4	0.45733815384674065	0.45855769231425514
0.405	0.448708047261656	0.44877762734579363
0.41	0.4408009463976497	0.44094599512401317
0.415	0.4357146313748328	0.4369260029434774
0.42	0.42899254618417515	0.4302982902235836
0.425	0.4220440100657569	0.42428275405132
0.43	0.41609769936887875	0.41926418170455393
0.435	0.40989888422810844	0.41312689331043956
0.44	0.40603489737663984	0.4105774172164108
0.445	0.39877753715246333	0.40405385559579216
0.45	0.39195719718001	0.39905542935096394
0.455	0.38711060551350457	0.3949548779371143
0.46	0.38127393350645283	0.3900742291512343
0.465	0.37323684179297933	0.38216127822787455
0.47	0.36687359351794613	0.37649929388320863
0.475	0.35883925845608783	0.3692019846233262
0.48	0.35339371385044166	0.36467872547630226
0.485	0.32528283339732894	0.3299197285332083
0.49	0.3151122200554776	0.3188467881077293
0.495	0.30798708912177925	0.31116381843552965
0.5	0.3010672321410283	0.30451570845167975
0.505	0.29240154694542314	0.29525609292392196
0.51	0.28735107144180627	0.290976138344101
0.515	0.2830596142072657	0.287276811084383
0.52	0.27742014412119165	0.2825944952451235
0.525	0.27474258149378705	0.28031288274051724
0.53	0.2688841166610247	0.2738423525044926
0.535	0.25802702906610436	0.2619809099618883
0.54	0.2534083850721545	0.2585703945424028
0.545	0.24741243204518729	0.2528829402257533
0.55	0.2403057493223011	0.24653893948516903
0.555	0.23399114968380855	0.24079204657586648
0.56	0.2262006633583541	0.2327858530757377
0.565	0.22236563307311763	0.2300439500775695
0.57	0.21772760042649236	0.2270347482348247
0.575	0.2127605433117468	0.22220309157677276
0.58	0.2073693796437824	0.21770686519687513
0.585	0.2012978437773599	0.21196234869734687
0.59	0.19215599412886872	0.2035623099234811
0.595	0.18701006429897307	0.19925609449746787
0.6	0.18250590850537074	0.19544133143920658
0.605	0.17584083568160433	0.1881074791444827
0.61	0.16980895644912808	0.18236776318172462
0.615	0.16370784888551757	0.17643983554599496
0.62	0.15695863116762473	0.16926755815692351
0.625	0.15152771551678806	0.16388594861232814
0.63	0.14744926498296326	0.1605093749661574
0.635	0.13947999251728183	0.15202488450084758
0.64	0.13566420209444224	0.14893884253111148
0.645	0.128160871903013	0.1405833650635516
0.65	0.12304575407174677	0.1363765960153497
0.655	0.11843638582685395	0.1315730941215754
0.66	0.11605854685129827	0.12904255611788695
0.665	0.11213685764471149	0.12513281344194788
0.67	0.10839928173061406	0.1216240813516765
0.675	0.10429406664271962	0.1173213166133769
0.68	0.10071333750101592	0.11341794653351427
0.685	0.09453034716326297	0.10623890508684294
0.69	0.09244972939747326	0.10400668368704667
0.695	0.0789771177779817	0.08783338804954385
0.7	0.07552777153747632	0.08428588199544272
0.705	0.07320456384788418	0.0816024806714635
0.71	0.07143165358802406	0.08002885211004533
0.715	0.06917025104191867	0.07859213924921067
0.72	0.0660168404327057	0.07566115527600138
0.725	0.06354421290866889	0.07308203343454457
0.73	0.061336326139985034	0.07157109920401787
0.735	0.05620761964425647	0.06590247437923086
0.74	0.05081180057677496	0.06040775067518232
0.745	0.04899886028681452	0.05879169802967049
0.75	0.04710155263770269	0.0570434464895954
0.755	0.044750338736640846	0.05415200502186174
0.76	0.04234938278634958	0.051913905582534996
0.765	0.039603274654899774	0.04907001316202634
0.77	0.0378212546385829	0.04645522704499043
0.775	0.03176427496502976	0.03857796836223047
0.78	0.029685349801503943	0.03624325914769374
0.785	0.027635885920317103	0.033593882200909295
0.79	0.024128767372260072	0.029517014117257667
0.795	0.018896830328572964	0.023511940596571988
0.8	0.015585933659905184	0.019072831660361528
0.805	0.014184504384617148	0.01762467739179216
0.81	0.010814896342567236	0.013249519108284594
0.815	0.008995999908311068	0.011324175803096767
0.82	0.007142128550985615	0.0090577261336415
0.825	0.006626565698068437	0.00861444546975318
0.83	0.005998632349765238	0.007889205831277165
0.835	0.005909801088910417	0.00781600251524767
0.84	0.004334950949727598	0.006026291468865115
0.845	0.0035859562480157563	0.005438882923314567
0.85	0.003066769725793182	0.005080759549121363
0.855	0.0027193398478057127	0.004496018216652739
0.86	0.0027606555566559166	0.004328595967904438
0.865	0.002795561991414216	0.004314264224544869
0.87	0.0027972048305131064	0.00414663791330964
0.875	0.002061451342938089	0.0035067878685462787
0.88	0.001231710003234118	0.0017033963804181963
0.885	0.001285262612070384	0.0016637213394423845
0.89	0.0012515460477541729	0.001483635227727184
0.895	0.0010271621090919244	0.0013865603921184313
0.9	0.0010785202145465207	0.0014558884117243528
0.905	0.0011352844363647584	0.0014273908258842596
0.91	0.000785814539815166	0.0012168189024843992
0.915	0.0008320389245101758	0.0009668692002065127
0.92	0.0007318497988505033	0.0009381454910725093
0.925	0.0007806397854405369	0.0010006885238106767
0.93	0.0002754424028747712	0.0010721662755114392
0.935	0.0002966302800189844	0.0006756941549491995
0.94	0.00012755102040816328	0.000509329042915488
0.945	0.0001391465677179963	0.0005556316831805323
0.95	0.00015306122448979594	0.0005226470356780426
0.955	0.0	0.0005318143901900002
0.96	0.0	0.00041453533872974087
0.965	0.0	0.00047375467283398954
0.97	0.0	0.0005527137849729878
0.975	0.0	0.0
0.98	0.0	0.0
0.985	0.0	0.0
0.99	0.0	0.0
0.995	0.0	0.0
