# savednetworks/compressed/p2p-Gnutella.graph analysis
0.0	1.0	1.0
0.00505700625229864	0.9921044879583402	0.9926553518328622
0.01011401250459728	0.9833429060449949	0.9852341156223211
0.015171018756895917	0.9751720564417077	0.9773627971562386
0.02022802500919456	0.9690893463775991	0.972265630450088
0.025285031261493195	0.9616904547555617	0.9659208408431703
0.030342037513791834	0.952896283256335	0.9575551659688434
0.035399043766090474	0.9418665704389638	0.9465310306252791
0.04045605001838912	0.9329234403244675	0.9391369656105355
0.04551305627068775	0.9253117678078272	0.9325597717801387
0.05057006252298639	0.9190138262436052	0.9282508487032474
0.05562706877528503	0.9096673502244806	0.9190918672191545
0.06068407502758367	0.9005303517697484	0.9100008515404173
0.0657410812798823	0.8931438036766616	0.9036339228503665
0.07079808753218095	0.8847096970448246	0.8974637662879098
0.07585509378447959	0.8768542497578374	0.8902916797288295
0.08091210003677823	0.8694745371716833	0.8833508748035609
0.08596910628907686	0.862530050946401	0.8776690042164831
0.0910261125413755	0.854351963082114	0.8702406660914664
0.09608311879367415	0.8473293196353514	0.8646299064380191
0.10114012504597278	0.8403461338414884	0.8579008080422876
0.10619713129827142	0.8324049562568852	0.8509606628104228
0.11125413755057006	0.825515190823845	0.8455018362772216
0.11631114380286871	0.8169742203426023	0.8378806598542132
0.12136815005516734	0.8085290532979835	0.8301970641943148
0.12642515630746598	0.8016896369081509	0.82417492927283
0.1314821625597646	0.7945833074352981	0.8175718190329634
0.13653916881206327	0.7861607634179377	0.8098234484142776
0.1415961750643619	0.7780580390859333	0.8026313936007373
0.14665318131666052	0.7725705253616851	0.7979429466494038
0.15171018756895918	0.7667381944289549	0.792397487961783
0.1567671938212578	0.7584417137653616	0.7849419369184538
0.16182420007355647	0.7498247232367173	0.7767824563995548
0.1668812063258551	0.7409899673657426	0.7682071084850394
0.17193821257815373	0.7327211372062615	0.7601237963515562
0.17699521883045238	0.7258814815097351	0.7542146000160447
0.182052225082751	0.7194024920617967	0.7484636255089057
0.18710923133504964	0.7100180627405444	0.739258600998902
0.1921662375873483	0.7022000598776558	0.7324418598488986
0.19722324383964693	0.6948643955682415	0.7261979021905173
0.20228025009194556	0.6836370642570659	0.7160718680981749
0.20733725634424421	0.6742522216650229	0.7074101528276364
0.21239426259654284	0.6677769078173705	0.7011837879139922
0.21745126884884147	0.6609271622316397	0.6951242287906549
0.22250827510114013	0.6543765237929506	0.6883251602710873
0.22756528135343876	0.6473617193485531	0.6829225890551525
0.23262228760573742	0.6387655054127098	0.6735510371654281
0.23767929385803604	0.6313517461146676	0.6673350443276493
0.24273630011033467	0.6248542613393627	0.661060040024444
0.24779330636263333	0.6170923731526916	0.6532642288664436
0.25285031261493196	0.6109180009927421	0.6468916984059654
0.2579073188672306	0.6038833622909721	0.6395766965486822
0.2629643251195292	0.596488144965825	0.633768898239248
0.2680213313718279	0.5890840860798393	0.626890950370892
0.27307833762412653	0.5820760329807667	0.6210759251547219
0.27813534387642513	0.5729947953787046	0.6128617174250909
0.2831923501287238	0.5662906462738283	0.6058978490470713
0.28824935638102245	0.5583119074075767	0.5993744185634374
0.29330636263332105	0.5518656715026377	0.5937271711680709
0.2983633688856197	0.5442950698612656	0.5862737177432197
0.30342037513791836	0.5366121697351346	0.5787236585799758
0.30847738139021696	0.5296077419405735	0.5716090878007518
0.3135343876425156	0.5212850403584515	0.5628388838824091
0.3185913938948143	0.5144102067157492	0.5566658544682133
0.32364840014711294	0.506811452386671	0.5498180012525239
0.32870540639941154	0.498802661186213	0.5425494736196141
0.3337624126517102	0.49167411560099356	0.5357866657734275
0.33881941890400885	0.48524710807358606	0.5293284932801218
0.34387642515630745	0.4788308936462485	0.5234678469043658
0.3489334314086061	0.46994461273178767	0.5161763266672798
0.35399043766090477	0.46340734054271526	0.5095217780324626
0.35904744391320337	0.4574642915005243	0.5043908438371419
0.364104450165502	0.45051493394366016	0.49745795236836265
0.3691614564178007	0.44415662909697573	0.4903859164896475
0.3742184626700993	0.43742791314796786	0.4837878096080102
0.37927546892239794	0.4295110946116904	0.47535405038235384
0.3843324751746966	0.4230704416994325	0.4690834001080088
0.3893894814269952	0.4189800226766996	0.46379766879640727
0.39444648767929386	0.41369323833908866	0.45826835261485194
0.3995034939315925	0.40650462171538104	0.4503708440296255
0.4045605001838911	0.39972600112605694	0.44374477326883943
0.40961750643618977	0.3942310266353148	0.43883900124926056
0.41467451268848843	0.3874338920268301	0.4309353543121359
0.41973151894078703	0.3802849320935288	0.42434553905364775
0.4247885251930857	0.3729646703765996	0.4165133950961762
0.42984553144538434	0.36608477044164855	0.4086404002216015
0.43490253769768294	0.35993695062790415	0.40234333223283414
0.4399595439499816	0.35303399662191387	0.39611059706753254
0.44501655020228026	0.3471228571208818	0.38979682273142563
0.4500735564545789	0.34229167866413934	0.3851793514849809
0.4551305627068775	0.33749633740020113	0.3802416577684111
0.4601875689591762	0.3299121516523529	0.3724491006455472
0.46524457521147483	0.3246529712334614	0.36766085640780377
0.47030158146377343	0.31837477352996857	0.3607513802705482
0.4753585877160721	0.3102910388243342	0.3518148871708125
0.48041559396837075	0.3061944445946848	0.3479008457467199
0.48547260022066935	0.2994064180539381	0.34106261342043986
0.490529606472968	0.29493850169987246	0.33709820320632944
0.49558661272526666	0.2895853297885938	0.33250652425557814
0.5006436189775653	0.282733300903993	0.32462403304581317
0.5057006252298639	0.27717795681548046	0.3187161465398197
0.5107576314821626	0.27160479032030543	0.312779736068766
0.5158146377344612	0.2692095727213213	0.3102014489890269
0.5208716439867599	0.26469331625352377	0.3048930827782014
0.5259286502390584	0.25931950548386035	0.29994613151699506
0.5309856564913571	0.25411326122947375	0.29348970340025954
0.5360426627436558	0.24923151827894882	0.2888612252666774
0.5410996689959544	0.24474598581459037	0.2843310780585517
0.5461566752482531	0.23943276912123237	0.27901997309036597
0.5512136815005517	0.23401775715122927	0.2737527461728594
0.5562706877528503	0.22897730806708128	0.2685203658683866
0.5613276940051489	0.22362374660306295	0.26317009452983187
0.5663847002574476	0.21758030624495983	0.2562808698597361
0.5714417065097462	0.21278177455801192	0.2519417277149419
0.5764987127620449	0.2084380780605372	0.24784287043944217
0.5815557190143436	0.2045672805794964	0.2442293481680923
0.5866127252666421	0.19854799591316094	0.23813021220192257
0.5916697315189408	0.19364059273764517	0.23347600779716615
0.5967267377712394	0.18971800615944848	0.22936189947524263
0.6017837440235381	0.18513370969683804	0.22465710042602718
0.6068407502758367	0.18155692919228295	0.22006388359226303
0.6118977565281354	0.17663297938440312	0.21426786076906912
0.6169547627804339	0.17241694708929645	0.20991453130538124
0.6220117690327326	0.16806798344819024	0.20471305719729144
0.6270687752850312	0.16341179735235964	0.20004933331353855
0.6321257815373299	0.15900269883964946	0.19462663204338412
0.6371827877896286	0.15323204073479468	0.18846674217738493
0.6422397940419272	0.14763355984881954	0.18179771104562312
0.6472968002942259	0.14407727470586257	0.1772636249998113
0.6523538065465244	0.13899709781245384	0.17187496666691335
0.6574108127988231	0.13394610954935263	0.16680391851647786
0.6624678190511217	0.1299057109035495	0.16241355427500723
0.6675248253034204	0.12658438827126142	0.15861197918452521
0.672581831555719	0.12261308326727215	0.15454017904073708
0.6776388378080177	0.117979593488658	0.14853609154311034
0.6826958440603162	0.11459103705311266	0.14436253698871163
0.6877528503126149	0.1100714974219002	0.13936161983762227
0.6928098565649136	0.10636793415222343	0.13519743571676374
0.6978668628172122	0.10289903376729652	0.13158205705168396
0.7029238690695109	0.09703946906759535	0.12389375863328761
0.7079808753218095	0.09313452483189537	0.11800981848303195
0.7130378815741081	0.08943978131084035	0.11398084380638167
0.7180948878264067	0.08625978475943119	0.11008347988960455
0.7231518940787054	0.08187518708123402	0.10514820477050102
0.728208900331004	0.07819568121444258	0.1015168321124429
0.7332659065833027	0.07543534146228689	0.09821753821218401
0.7383229128356014	0.07152676103380122	0.09428188613409472
0.7433799190878999	0.06818258843136205	0.08979454298839985
0.7484369253401986	0.0654585249857734	0.08640686875380849
0.7534939315924972	0.06265318431542463	0.083129672384795
0.7585509378447959	0.05979041698021961	0.07974690296044701
0.7636079440970945	0.056198905750108635	0.07579411342158825
0.7686649503493932	0.05428062669848266	0.07322748180701656
0.7737219566016919	0.05031891172274231	0.06820682137618904
0.7787789628539904	0.04644992593130677	0.06353306054008692
0.783835969106289	0.04376939345483055	0.05982995593171153
0.7888929753585877	0.04019700874054122	0.05481644514403833
0.7939499816108864	0.03896578592496537	0.053082842500552355
0.799006987863185	0.03722747448342952	0.05077470047717351
0.8040639941154837	0.03418013576413947	0.04727756153066357
0.8091210003677822	0.032430755081242955	0.044809467299657284
0.8141780066200809	0.030252661399897095	0.04146311365810645
0.8192350128723795	0.027845577097311638	0.03851616240953401
0.8242920191246782	0.025564424949159337	0.03538460569852559
0.8293490253769769	0.0234553811946712	0.032945125623950675
0.8344060316292755	0.02191328700250126	0.03073574820298236
0.8394630378815741	0.020287603137987723	0.028503027705719136
0.8445200441338727	0.017059525708152657	0.02454627143849476
0.8495770503861714	0.013297528089558345	0.019271761329814847
0.85463405663847	0.011796895563057127	0.017379812646013577
0.8596910628907687	0.011032374423787298	0.016214743944600762
0.8647480691430673	0.009169498710952299	0.014059932210781969
0.8698050753953659	0.0066128311031131435	0.011374696039152466
0.8748620816476645	0.0055334308257377045	0.009823470450469638
0.8799190878999632	0.003692242220162412	0.006982054731110757
0.8849760941522619	0.003151421965804229	0.006213987182398226
0.8900331004045605	0.0022915663533502493	0.00468934376100809
0.8950901066568592	0.0016780596733119925	0.003704166759227758
0.9001471129091578	0.0008580365040614499	0.0021425884423442627
0.9052041191614564	0.0006860554718917193	0.0017142317248593092
0.910261125413755	3.8018187901091877e-05	0.000815516504046369
0.9153181316660537	4.028854657053819e-05	0.0007724494540606705
0.9203751379183523	4.284728798090724e-05	0.0006876355824882061
0.925432144170651	4.575308432979738e-05	0.0007009497165333354
0.9304891504229497	0.0	0.0005317208984093887
0.9355461566752482	0.0	0.00048379683596125534
0.9406031629275469	0.0	0.00039855099233045843
0.9456601691798455	0.0	0.00019985914515462306
0.9507171754321442	0.0	0.00022036707982533998
0.9557741816844428	0.0	0.00024556497876586744
0.9608311879367415	0.0	0.00017716627123343665
0.96588819418904	0.0	0.00016185624533968305
0.9709452004413387	0.0	0.00015129355993746536
0.9760022066936374	0.0	0.00018317534459861708
0.981059212945936	0.0	0.00023208138320504395
0.9861162191982347	0.0	0.00031661433735257654
0.9911732254505333	0.0	0.0004980079681274901
0.9962302317028319	0.0	0.0
